27.74
26.95
27.01
27.01
27.13
27.26
27.26
27.38
27.50
27.62
27.74
27.87
28.05
28.17
28.42
28.54
28.73
28.92
29.04
29.23
29.35
29.54
29.67
29.79
29.92
30.11
30.24
30.30
30.43
30.55
30.68
30.75
30.94
30.94
31.07
31.20
31.91
31.65
31.33
30.43
30.11
30.11
29.86
29.54
29.10
28.92
28.54
28.42
28.42
27.44
28.11
27.13
27.87
27.62
26.83
26.83
26.77
26.83
26.89
26.89
27.01
27.07
27.20
27.32
27.44
27.56
27.68
27.81
27.99
28.11
28.30
28.48
28.61
28.79
28.98
29.17
29.29
29.42
29.60
29.73
29.92
29.98
30.11
30.24
30.36
30.49
30.55
30.68
30.81
30.87
30.94
31.07
31.85
30.94
31.33
30.87
30.55
30.11
29.23
29.42
29.10
28.85
28.54
28.36
27.87
27.99
27.87
27.74
27.01
27.56
27.38
27.32
27.38
27.62
27.44
27.13
27.01
27.01
27.07
26.35
26.35
26.41
26.47
26.53
26.65
26.77
26.83
26.95
27.07
27.26
27.38
27.50
27.68
27.87
28.05
28.24
28.48
28.61
28.79
28.98
29.17
29.42
29.48
29.67
29.79
29.98
30.11
30.17
30.36
30.49
30.62
30.68
30.75
30.81
30.94
31.00
31.85
31.58
31.26
30.68
30.43
30.24
29.73
28.92
29.17
28.85
28.73
28.36
28.36
27.93
27.87
27.81
27.87
27.07
27.81
26.71
26.65
26.65
26.65
26.71
