26.1
28.85
27.74
27.68
27.62
27.62
27.68
27.74
27.81
27.87
27.99
28.05
28.17
28.36
28.48
28.67
28.79
28.98
29.10
29.29
29.48
29.60
29.79
29.92
30.05
30.17
30.36
30.43
30.55
30.68
30.75
30.81
30.87
30.94
31.00
31.98
31.78
31.65
31.20
30.94
30.75
29.86
30.24
29.79
29.54
29.60
29.35
28.98
28.30
28.67
28.85
28.48
28.30
28.61
28.17
28.05
28.24
27.44
27.93
27.81
27.81
28.17
27.87
27.62
27.68
26.95
26.95
26.95
26.95
27.01
27.13
27.20
27.32
27.44
27.56
27.68
27.81
27.93
28.11
28.24
28.42
28.61
28.79
28.92
29.10
29.29
29.48
29.67
29.79
29.92
30.11
30.24
30.36
30.49
30.62
30.75
30.87
30.94
31.07
31.98
31.13
31.58
31.20
30.87
30.68
30.49
30.24
30.05
29.67
29.42
29.23
29.04
28.85
28.67
28.61
28.85
28.30
28.42
28.17
28.11
27.99
27.93
28.36
27.81
27.93
27.07
27.07
27.13
27.13
27.26
27.32
27.44
27.56
27.68
27.81
27.99
28.11
28.24
28.36
28.54
28.73
28.85
29.04
29.23
29.42
29.54
29.73
29.86
29.98
30.11
30.24
30.36
30.49
30.62
30.68
30.81
30.94
31.00
31.98
31.91
31.58
