22 22.84
22.84
22.84
22.84
22.84
22.84
22.84
22.95
23.19
23.60
24.20
24.67
43.26
43.35
26.05
26.23
26.35
26.47
26.65
26.77
26.89
27.01
27.13
27.20
27.32
27.44
27.50
27.62
27.74
27.81
27.93
27.99
28.05
28.11
28.17
28.24
28.36
28.42
28.48
28.54
28.61
28.67
28.73
28.73
28.85
28.85
28.85
28.85
28.85
28.85
28.85
28.85
28.85
28.85
28.85
28.92
28.92
28.92
28.92
28.92
28.92
28.92
28.92
28.98
28.98
28.98
29.04
29.04
29.04
29.10
29.10
29.17
29.17
29.17
29.17
29.10
29.04
29.10
29.10
29.10
29.10
29.10
29.10
29.17
29.10
29.10
29.04
29.04
29.04
29.04
29.04
29.10
29.10
29.17
29.17
29.23
29.23
29.23
29.23
29.29
29.29
29.35
29.35
29.35
29.35
29.35
29.29
29.35
29.35
29.35
29.35
29.42
29.42
29.42
29.42
29.42
29.42
29.42
29.42
29.42
29.48
29.48
29.48
29.42
29.54
29.42
29.42
29.42
29.42
29.42
29.42
29.42
29.35
29.35
29.29
29.23
29.17
29.10
29.17
29.17
29.23
29.23
29.23
29.29
29.23
29.23
29.23
29.23
29.23
29.23
29.23
29.23
29.23
29.23
29.23
29.23
29.23
29.23
29.23
29.23
29.29
29.23
29.29
29.29
29.29
29.29
29.29
29.29
29.35
29.35
29.35
29.29
29.35
29.35
29.35
29.29
29.29
29.29
29.29
29.29
29.29
29.29
29.17
29.10
