22.19
22.19
22.19
22.19
22.19
22.19
22.13
22.13
22.13
22.19
22.72
23.49
23.66
23.66
23.84
24.08
24.49
24.79
24.97
25.33
25.57
25.81
26.05
26.23
26.47
26.65
26.83
27.01
27.20
27.38
27.44
27.56
27.74
27.81
27.87
27.99
28.11
28.17
28.30
28.36
28.42
28.48
28.61
28.61
28.73
28.79
28.79
28.85
28.92
28.98
29.04
29.10
29.10
29.17
29.23
29.29
29.35
29.42
29.42
29.42
29.48
29.48
29.54
29.60
29.67
29.67
29.73
29.67
29.67
29.73
29.73
29.73
29.73
29.73
29.73
29.79
29.79
29.79
29.79
29.79
29.86
29.86
29.86
29.86
29.79
29.86
29.79
29.86
29.79
29.79
29.86
29.86
29.86
29.86
29.86
29.86
29.86
29.86
29.92
29.92
29.98
29.92
29.98
29.98
30.05
30.05
30.05
30.05
30.05
30.05
30.05
30.11
30.11
30.11
30.11
30.11
30.05
30.05
30.11
30.05
30.05
30.11
30.05
30.05
30.05
30.05
30.05
30.05
30.05
30.05
29.98
29.98
29.98
29.98
29.98
29.98
29.98
29.98
29.98
29.98
29.98
29.98
30.05
30.05
30.05
30.05
30.05
30.05
30.05
29.98
29.98
29.98
29.98
29.98
30.05
29.98
29.98
29.98
29.98
29.98
30.05
30.05
30.05
