22 22.78
22.78
22.78
22.78
22.78
22.78
22.78
22.78
22.78
22.78
22.78
22.78
22.78
22.95
23.13
23.55
23.84
24.26
24.55
24.73
24.85
25.03
25.21
25.33
25.45
25.63
25.69
25.81
25.87
25.99
26.11
26.17
26.29
26.35
26.41
26.47
26.53
26.59
26.65
26.71
26.77
26.83
26.89
26.95
27.07
27.07
27.13
27.26
27.26
27.32
27.38
27.38
27.38
27.38
27.32
27.32
27.32
27.32
27.38
27.38
27.38
27.44
27.44
27.50
27.50
27.50
27.50
27.50
27.56
27.56
27.62
27.62
27.62
27.62
27.62
27.62
27.62
27.62
27.62
27.56
27.56
27.56
27.56
27.56
