2 22.31
22.31
22.31
22.36
22.36
22.31
22.31
22.36
22.36
22.36
22.36
22.36
22.60
22.78
23.25
23.31
23.78
24.26
24.67
24.73
25.03
25.51
25.45
25.63
25.87
26.05
26.23
26.35
26.47
26.59
26.71
26.83
26.89
26.95
26.95
27.01
27.07
27.13
27.20
27.26
27.26
27.32
27.38
27.44
27.50
27.56
27.62
27.68
27.74
27.81
27.93
27.87
27.93
27.93
27.93
27.93
27.99
27.99
28.05
28.11
28.17
28.11
28.17
28.17
28.17
28.17
28.24
28.24
28.30
28.36
28.36
28.42
28.48
28.42
28.42
28.42
28.42
28.48
28.48
28.48
28.42
28.48
28.48
28.48
28.48
28.48
28.48
28.54
28.54
28.54
28.54
28.54
28.54
28.54
28.54
28.54
28.48
28.48
28.48
28.48
